39.854349
52.973061
57.099976
57.912930
56.285048
48.795089
30.256624
17.965167
18.482102
15.903901
11.591430
10.670905
10.903962
9.575379
8.804396
8.964104
8.792078
8.346973
8.174534
8.207676
8.078589
7.918191
7.892805
7.853428
7.780058
7.731417
7.702985
7.661955
7.619392
7.593143
7.562002
7.530540
7.503108
7.478213
7.451447
7.427055
7.403695
7.380805
7.358507
7.336764
7.315516
7.294607
7.274197
7.253895
7.233502
7.213727
7.194291
7.174722
7.155469
7.135911
7.116386
7.096468
7.076138
7.055092
7.033041
7.010601
6.986022
6.959709
6.930782
6.899082
6.864375
6.827527
6.789124
6.750820
6.714604
6.681881
6.650696
6.620743
6.594499
6.573428
6.556515
6.540922
6.526110
6.512205
6.499386
6.487079
6.476376
6.467606
6.459983
6.453962
6.448827
6.445109
6.441347
6.438202
6.435021
6.432119
6.428953
6.426234
6.423382
6.420437
6.417787
6.415334
